0
4
2
5
4
3
5
0
2
6
1
1
1
2
1
0
0
0
1
5
4
7
5
4
1
4
0
2
0
1
7
11
5
6
18
13
5
8
15
3
8
7
9
16
23
33
21
18
22
1
6
30
11
37
13
0
8
4
7
4
1
1
6
3
3
1
5
4
7
6
1
2
4
4
8
5
6
6
4
8
9
13
9
3
4
14
11
4
8
6
8
4
9
13
5
6
6
10
4
6
5
17
1
2
16
6
7
7
10
8
8
8
8
12
18
8
5
4
10
13
2
13
7
11
8
8
9
15
25
4
22
14
9
3
1
0
1
0
0
0
5
4
3
4
9
1
1
8
1
1
6
2
4
4
9
4
5
7
3
2
4
7
4
12
9
6
0
5
5
2
3
3
9
3
7
2
23
6
11
19
1
12
15
16
30
24
6
12
45
3
19
12
24
22
9
13
14
7
45
0
20
5
2
1
5
4
5
4
1
3
8
8
5
2
3
4
5
6
2
6
10
14
8
10
6
9
2
3
1
11
11
5
3
1
9
3
9
15
9
6
0
4
2
9
6
6
9
11
12
5
1
11
12
14
14
13
13
17
20
1
4
6
6
4
3
7
4
4
6
7
4
5
10
4
9
1
10
2
5
11
9
9
14
4
12
8
10
14
15
8
3
16
4
9
9
0
3
7
8
1
9
9
17
15
2
25
8
30
4
14
17
33
8
16
20
16
8
32
9
5
4
5
6
4
18
6
4
8
9
4
3
5
9
5
5
4
13
7
3
9
11
25
4
7
4
5
4
4
7
5
13
16
17
7
18
0
0
0
5
4
6
5
5
7
12
8
9
10
9
6
4
7
19
5
9
0
9
5
7
11
14
8
9
6
5
9
10
2
4
5
11
11
9
12
8
10
11
14
12
8
1
6
12
12
6
24
5
8
0
1
1
8
4
0
1
4
1
5
2
6
4
11
4
7
6
5
2
6
8
8
3
1
12
4
2
4
4
4
2
0
6
5
4
4
4
0
4
4
4
5
5
4
4
4
4
4
4
5
4
1
0
5
1
1
6
1
5
5
6
5
0
6
3
3
4
4
5
3
4
4
4
4
4
4
4
4
3
1
1
4
4
1
4
5
4
3
2
5
4
4
5
9
2
4
0
5
4
4
5
5
1
5
5
4
4
6
6
4
6
9
2
4
4
5
5
4
5
2
5
4
4
8
4
3
10
2
25
5
8
6
1
8
4
4
11
10
7
9
4
4
2
2
1
5
1
3
5
4
4
4
2
